{
 "cells": [
  {
   "cell_type": "markdown",
   "metadata": {},
   "source": [
    "# Sorting Data"
   ]
  },
  {
   "cell_type": "code",
   "execution_count": 5,
   "metadata": {
    "collapsed": true
   },
   "outputs": [],
   "source": [
    "import pandas as pd"
   ]
  },
  {
   "cell_type": "code",
   "execution_count": 27,
   "metadata": {
    "collapsed": true
   },
   "outputs": [],
   "source": [
    "df = pd.DataFrame({\"3PA\":{\"0.0\":11.1,\"1.0\":8.1,\"2.0\":7.9,\"3.0\":7.7,\"4.0\":4.7},\"3PM\":{\"0.0\":5.1,\"1.0\":3.6,\"2.0\":3.3,\"3.0\":3.5,\"4.0\":2.1},\"League\":{\"0.0\":\"NBA\",\"1.0\":\"NBA\",\"2.0\":\"NBA\",\"3.0\":\"NBA\",\"4.0\":\"NBA\"},\"PTS\":{\"0.0\":32.0,\"1.0\":23.8,\"2.0\":24.0,\"3.0\":22.9,\"4.0\":14.7},\"Team\":{\"0.0\":\"Golden State\",\"1.0\":\"Golden State\",\"2.0\":\"Golden State\",\"3.0\":\"Golden State\",\"4.0\":\"Golden State\"},\"year\":{\"0.0\":\"2015-2016\",\"1.0\":\"2014-2015\",\"2.0\":\"2013-2014\",\"3.0\":\"2012-2013\",\"4.0\":\"2011-2012\"},\"%3 PTS\":{\"0.0\":0.478125,\"1.0\":0.4537815126,\"2.0\":0.4125,\"3.0\":0.4585152838,\"4.0\":0.4285714286},\"per3\":{\"0.0\":47.8125,\"1.0\":45.3781512605,\"2.0\":41.25,\"3.0\":45.8515283843,\"4.0\":42.8571428571}})"
   ]
  },
  {
   "cell_type": "code",
   "execution_count": 28,
   "metadata": {},
   "outputs": [
    {
     "data": {
      "text/html": [
       "<div>\n",
       "<style scoped>\n",
       "    .dataframe tbody tr th:only-of-type {\n",
       "        vertical-align: middle;\n",
       "    }\n",
       "\n",
       "    .dataframe tbody tr th {\n",
       "        vertical-align: top;\n",
       "    }\n",
       "\n",
       "    .dataframe thead th {\n",
       "        text-align: right;\n",
       "    }\n",
       "</style>\n",
       "<table border=\"1\" class=\"dataframe\">\n",
       "  <thead>\n",
       "    <tr style=\"text-align: right;\">\n",
       "      <th></th>\n",
       "      <th>%3 PTS</th>\n",
       "      <th>3PA</th>\n",
       "      <th>3PM</th>\n",
       "      <th>League</th>\n",
       "      <th>PTS</th>\n",
       "      <th>Team</th>\n",
       "      <th>per3</th>\n",
       "      <th>year</th>\n",
       "    </tr>\n",
       "  </thead>\n",
       "  <tbody>\n",
       "    <tr>\n",
       "      <th>0.0</th>\n",
       "      <td>0.478125</td>\n",
       "      <td>11.1</td>\n",
       "      <td>5.1</td>\n",
       "      <td>NBA</td>\n",
       "      <td>32.0</td>\n",
       "      <td>Golden State</td>\n",
       "      <td>47.812500</td>\n",
       "      <td>2015-2016</td>\n",
       "    </tr>\n",
       "    <tr>\n",
       "      <th>1.0</th>\n",
       "      <td>0.453782</td>\n",
       "      <td>8.1</td>\n",
       "      <td>3.6</td>\n",
       "      <td>NBA</td>\n",
       "      <td>23.8</td>\n",
       "      <td>Golden State</td>\n",
       "      <td>45.378151</td>\n",
       "      <td>2014-2015</td>\n",
       "    </tr>\n",
       "    <tr>\n",
       "      <th>2.0</th>\n",
       "      <td>0.412500</td>\n",
       "      <td>7.9</td>\n",
       "      <td>3.3</td>\n",
       "      <td>NBA</td>\n",
       "      <td>24.0</td>\n",
       "      <td>Golden State</td>\n",
       "      <td>41.250000</td>\n",
       "      <td>2013-2014</td>\n",
       "    </tr>\n",
       "    <tr>\n",
       "      <th>3.0</th>\n",
       "      <td>0.458515</td>\n",
       "      <td>7.7</td>\n",
       "      <td>3.5</td>\n",
       "      <td>NBA</td>\n",
       "      <td>22.9</td>\n",
       "      <td>Golden State</td>\n",
       "      <td>45.851528</td>\n",
       "      <td>2012-2013</td>\n",
       "    </tr>\n",
       "    <tr>\n",
       "      <th>4.0</th>\n",
       "      <td>0.428571</td>\n",
       "      <td>4.7</td>\n",
       "      <td>2.1</td>\n",
       "      <td>NBA</td>\n",
       "      <td>14.7</td>\n",
       "      <td>Golden State</td>\n",
       "      <td>42.857143</td>\n",
       "      <td>2011-2012</td>\n",
       "    </tr>\n",
       "  </tbody>\n",
       "</table>\n",
       "</div>"
      ],
      "text/plain": [
       "       %3 PTS   3PA  3PM League   PTS          Team       per3       year\n",
       "0.0  0.478125  11.1  5.1    NBA  32.0  Golden State  47.812500  2015-2016\n",
       "1.0  0.453782   8.1  3.6    NBA  23.8  Golden State  45.378151  2014-2015\n",
       "2.0  0.412500   7.9  3.3    NBA  24.0  Golden State  41.250000  2013-2014\n",
       "3.0  0.458515   7.7  3.5    NBA  22.9  Golden State  45.851528  2012-2013\n",
       "4.0  0.428571   4.7  2.1    NBA  14.7  Golden State  42.857143  2011-2012"
      ]
     },
     "execution_count": 28,
     "metadata": {},
     "output_type": "execute_result"
    }
   ],
   "source": [
    "df.reindex()"
   ]
  },
  {
   "cell_type": "code",
   "execution_count": 29,
   "metadata": {
    "collapsed": false
   },
   "outputs": [
    {
     "data": {
      "text/html": [
       "<div>\n",
       "<style scoped>\n",
       "    .dataframe tbody tr th:only-of-type {\n",
       "        vertical-align: middle;\n",
       "    }\n",
       "\n",
       "    .dataframe tbody tr th {\n",
       "        vertical-align: top;\n",
       "    }\n",
       "\n",
       "    .dataframe thead th {\n",
       "        text-align: right;\n",
       "    }\n",
       "</style>\n",
       "<table border=\"1\" class=\"dataframe\">\n",
       "  <thead>\n",
       "    <tr style=\"text-align: right;\">\n",
       "      <th></th>\n",
       "      <th>%3 PTS</th>\n",
       "      <th>3PA</th>\n",
       "      <th>3PM</th>\n",
       "      <th>League</th>\n",
       "      <th>PTS</th>\n",
       "      <th>Team</th>\n",
       "      <th>per3</th>\n",
       "      <th>year</th>\n",
       "    </tr>\n",
       "  </thead>\n",
       "  <tbody>\n",
       "    <tr>\n",
       "      <th>0.0</th>\n",
       "      <td>0.478125</td>\n",
       "      <td>11.1</td>\n",
       "      <td>5.1</td>\n",
       "      <td>NBA</td>\n",
       "      <td>32.0</td>\n",
       "      <td>Golden State</td>\n",
       "      <td>47.812500</td>\n",
       "      <td>2015-2016</td>\n",
       "    </tr>\n",
       "    <tr>\n",
       "      <th>1.0</th>\n",
       "      <td>0.453782</td>\n",
       "      <td>8.1</td>\n",
       "      <td>3.6</td>\n",
       "      <td>NBA</td>\n",
       "      <td>23.8</td>\n",
       "      <td>Golden State</td>\n",
       "      <td>45.378151</td>\n",
       "      <td>2014-2015</td>\n",
       "    </tr>\n",
       "    <tr>\n",
       "      <th>2.0</th>\n",
       "      <td>0.412500</td>\n",
       "      <td>7.9</td>\n",
       "      <td>3.3</td>\n",
       "      <td>NBA</td>\n",
       "      <td>24.0</td>\n",
       "      <td>Golden State</td>\n",
       "      <td>41.250000</td>\n",
       "      <td>2013-2014</td>\n",
       "    </tr>\n",
       "    <tr>\n",
       "      <th>3.0</th>\n",
       "      <td>0.458515</td>\n",
       "      <td>7.7</td>\n",
       "      <td>3.5</td>\n",
       "      <td>NBA</td>\n",
       "      <td>22.9</td>\n",
       "      <td>Golden State</td>\n",
       "      <td>45.851528</td>\n",
       "      <td>2012-2013</td>\n",
       "    </tr>\n",
       "    <tr>\n",
       "      <th>4.0</th>\n",
       "      <td>0.428571</td>\n",
       "      <td>4.7</td>\n",
       "      <td>2.1</td>\n",
       "      <td>NBA</td>\n",
       "      <td>14.7</td>\n",
       "      <td>Golden State</td>\n",
       "      <td>42.857143</td>\n",
       "      <td>2011-2012</td>\n",
       "    </tr>\n",
       "  </tbody>\n",
       "</table>\n",
       "</div>"
      ],
      "text/plain": [
       "       %3 PTS   3PA  3PM League   PTS          Team       per3       year\n",
       "0.0  0.478125  11.1  5.1    NBA  32.0  Golden State  47.812500  2015-2016\n",
       "1.0  0.453782   8.1  3.6    NBA  23.8  Golden State  45.378151  2014-2015\n",
       "2.0  0.412500   7.9  3.3    NBA  24.0  Golden State  41.250000  2013-2014\n",
       "3.0  0.458515   7.7  3.5    NBA  22.9  Golden State  45.851528  2012-2013\n",
       "4.0  0.428571   4.7  2.1    NBA  14.7  Golden State  42.857143  2011-2012"
      ]
     },
     "execution_count": 29,
     "metadata": {},
     "output_type": "execute_result"
    }
   ],
   "source": [
    "df"
   ]
  },
  {
   "cell_type": "code",
   "execution_count": 30,
   "metadata": {
    "collapsed": false
   },
   "outputs": [],
   "source": [
    "df.at[\"5.0\",'year']='2016-2017'"
   ]
  },
  {
   "cell_type": "code",
   "execution_count": null,
   "metadata": {},
   "outputs": [],
   "source": []
  },
  {
   "cell_type": "code",
   "execution_count": 31,
   "metadata": {
    "collapsed": false
   },
   "outputs": [
    {
     "data": {
      "text/html": [
       "<div>\n",
       "<style scoped>\n",
       "    .dataframe tbody tr th:only-of-type {\n",
       "        vertical-align: middle;\n",
       "    }\n",
       "\n",
       "    .dataframe tbody tr th {\n",
       "        vertical-align: top;\n",
       "    }\n",
       "\n",
       "    .dataframe thead th {\n",
       "        text-align: right;\n",
       "    }\n",
       "</style>\n",
       "<table border=\"1\" class=\"dataframe\">\n",
       "  <thead>\n",
       "    <tr style=\"text-align: right;\">\n",
       "      <th></th>\n",
       "      <th>%3 PTS</th>\n",
       "      <th>3PA</th>\n",
       "      <th>3PM</th>\n",
       "      <th>League</th>\n",
       "      <th>PTS</th>\n",
       "      <th>Team</th>\n",
       "      <th>per3</th>\n",
       "      <th>year</th>\n",
       "    </tr>\n",
       "  </thead>\n",
       "  <tbody>\n",
       "    <tr>\n",
       "      <th>0.0</th>\n",
       "      <td>0.478125</td>\n",
       "      <td>11.1</td>\n",
       "      <td>5.1</td>\n",
       "      <td>NBA</td>\n",
       "      <td>32.0</td>\n",
       "      <td>Golden State</td>\n",
       "      <td>47.812500</td>\n",
       "      <td>2015-2016</td>\n",
       "    </tr>\n",
       "    <tr>\n",
       "      <th>1.0</th>\n",
       "      <td>0.453782</td>\n",
       "      <td>8.1</td>\n",
       "      <td>3.6</td>\n",
       "      <td>NBA</td>\n",
       "      <td>23.8</td>\n",
       "      <td>Golden State</td>\n",
       "      <td>45.378151</td>\n",
       "      <td>2014-2015</td>\n",
       "    </tr>\n",
       "    <tr>\n",
       "      <th>2.0</th>\n",
       "      <td>0.412500</td>\n",
       "      <td>7.9</td>\n",
       "      <td>3.3</td>\n",
       "      <td>NBA</td>\n",
       "      <td>24.0</td>\n",
       "      <td>Golden State</td>\n",
       "      <td>41.250000</td>\n",
       "      <td>2013-2014</td>\n",
       "    </tr>\n",
       "    <tr>\n",
       "      <th>3.0</th>\n",
       "      <td>0.458515</td>\n",
       "      <td>7.7</td>\n",
       "      <td>3.5</td>\n",
       "      <td>NBA</td>\n",
       "      <td>22.9</td>\n",
       "      <td>Golden State</td>\n",
       "      <td>45.851528</td>\n",
       "      <td>2012-2013</td>\n",
       "    </tr>\n",
       "    <tr>\n",
       "      <th>4.0</th>\n",
       "      <td>0.428571</td>\n",
       "      <td>4.7</td>\n",
       "      <td>2.1</td>\n",
       "      <td>NBA</td>\n",
       "      <td>14.7</td>\n",
       "      <td>Golden State</td>\n",
       "      <td>42.857143</td>\n",
       "      <td>2011-2012</td>\n",
       "    </tr>\n",
       "    <tr>\n",
       "      <th>5.0</th>\n",
       "      <td>NaN</td>\n",
       "      <td>NaN</td>\n",
       "      <td>NaN</td>\n",
       "      <td>NaN</td>\n",
       "      <td>NaN</td>\n",
       "      <td>NaN</td>\n",
       "      <td>NaN</td>\n",
       "      <td>2016-2017</td>\n",
       "    </tr>\n",
       "  </tbody>\n",
       "</table>\n",
       "</div>"
      ],
      "text/plain": [
       "       %3 PTS   3PA  3PM League   PTS          Team       per3       year\n",
       "0.0  0.478125  11.1  5.1    NBA  32.0  Golden State  47.812500  2015-2016\n",
       "1.0  0.453782   8.1  3.6    NBA  23.8  Golden State  45.378151  2014-2015\n",
       "2.0  0.412500   7.9  3.3    NBA  24.0  Golden State  41.250000  2013-2014\n",
       "3.0  0.458515   7.7  3.5    NBA  22.9  Golden State  45.851528  2012-2013\n",
       "4.0  0.428571   4.7  2.1    NBA  14.7  Golden State  42.857143  2011-2012\n",
       "5.0       NaN   NaN  NaN    NaN   NaN           NaN        NaN  2016-2017"
      ]
     },
     "execution_count": 31,
     "metadata": {},
     "output_type": "execute_result"
    }
   ],
   "source": [
    "df"
   ]
  },
  {
   "cell_type": "code",
   "execution_count": 33,
   "metadata": {
    "collapsed": false
   },
   "outputs": [
    {
     "data": {
      "text/html": [
       "<div>\n",
       "<style scoped>\n",
       "    .dataframe tbody tr th:only-of-type {\n",
       "        vertical-align: middle;\n",
       "    }\n",
       "\n",
       "    .dataframe tbody tr th {\n",
       "        vertical-align: top;\n",
       "    }\n",
       "\n",
       "    .dataframe thead th {\n",
       "        text-align: right;\n",
       "    }\n",
       "</style>\n",
       "<table border=\"1\" class=\"dataframe\">\n",
       "  <thead>\n",
       "    <tr style=\"text-align: right;\">\n",
       "      <th></th>\n",
       "      <th>%3 PTS</th>\n",
       "      <th>3PA</th>\n",
       "      <th>3PM</th>\n",
       "      <th>League</th>\n",
       "      <th>PTS</th>\n",
       "      <th>Team</th>\n",
       "      <th>per3</th>\n",
       "      <th>year</th>\n",
       "    </tr>\n",
       "  </thead>\n",
       "  <tbody>\n",
       "    <tr>\n",
       "      <th>4.0</th>\n",
       "      <td>0.428571</td>\n",
       "      <td>4.7</td>\n",
       "      <td>2.1</td>\n",
       "      <td>NBA</td>\n",
       "      <td>14.7</td>\n",
       "      <td>Golden State</td>\n",
       "      <td>42.857143</td>\n",
       "      <td>2011-2012</td>\n",
       "    </tr>\n",
       "    <tr>\n",
       "      <th>3.0</th>\n",
       "      <td>0.458515</td>\n",
       "      <td>7.7</td>\n",
       "      <td>3.5</td>\n",
       "      <td>NBA</td>\n",
       "      <td>22.9</td>\n",
       "      <td>Golden State</td>\n",
       "      <td>45.851528</td>\n",
       "      <td>2012-2013</td>\n",
       "    </tr>\n",
       "    <tr>\n",
       "      <th>2.0</th>\n",
       "      <td>0.412500</td>\n",
       "      <td>7.9</td>\n",
       "      <td>3.3</td>\n",
       "      <td>NBA</td>\n",
       "      <td>24.0</td>\n",
       "      <td>Golden State</td>\n",
       "      <td>41.250000</td>\n",
       "      <td>2013-2014</td>\n",
       "    </tr>\n",
       "    <tr>\n",
       "      <th>1.0</th>\n",
       "      <td>0.453782</td>\n",
       "      <td>8.1</td>\n",
       "      <td>3.6</td>\n",
       "      <td>NBA</td>\n",
       "      <td>23.8</td>\n",
       "      <td>Golden State</td>\n",
       "      <td>45.378151</td>\n",
       "      <td>2014-2015</td>\n",
       "    </tr>\n",
       "    <tr>\n",
       "      <th>0.0</th>\n",
       "      <td>0.478125</td>\n",
       "      <td>11.1</td>\n",
       "      <td>5.1</td>\n",
       "      <td>NBA</td>\n",
       "      <td>32.0</td>\n",
       "      <td>Golden State</td>\n",
       "      <td>47.812500</td>\n",
       "      <td>2015-2016</td>\n",
       "    </tr>\n",
       "    <tr>\n",
       "      <th>5.0</th>\n",
       "      <td>NaN</td>\n",
       "      <td>NaN</td>\n",
       "      <td>NaN</td>\n",
       "      <td>NaN</td>\n",
       "      <td>NaN</td>\n",
       "      <td>NaN</td>\n",
       "      <td>NaN</td>\n",
       "      <td>2016-2017</td>\n",
       "    </tr>\n",
       "  </tbody>\n",
       "</table>\n",
       "</div>"
      ],
      "text/plain": [
       "       %3 PTS   3PA  3PM League   PTS          Team       per3       year\n",
       "4.0  0.428571   4.7  2.1    NBA  14.7  Golden State  42.857143  2011-2012\n",
       "3.0  0.458515   7.7  3.5    NBA  22.9  Golden State  45.851528  2012-2013\n",
       "2.0  0.412500   7.9  3.3    NBA  24.0  Golden State  41.250000  2013-2014\n",
       "1.0  0.453782   8.1  3.6    NBA  23.8  Golden State  45.378151  2014-2015\n",
       "0.0  0.478125  11.1  5.1    NBA  32.0  Golden State  47.812500  2015-2016\n",
       "5.0       NaN   NaN  NaN    NaN   NaN           NaN        NaN  2016-2017"
      ]
     },
     "execution_count": 33,
     "metadata": {},
     "output_type": "execute_result"
    }
   ],
   "source": [
    "df.sort_values('year')"
   ]
  },
  {
   "cell_type": "code",
   "execution_count": 34,
   "metadata": {
    "collapsed": false
   },
   "outputs": [
    {
     "data": {
      "text/html": [
       "<div>\n",
       "<style scoped>\n",
       "    .dataframe tbody tr th:only-of-type {\n",
       "        vertical-align: middle;\n",
       "    }\n",
       "\n",
       "    .dataframe tbody tr th {\n",
       "        vertical-align: top;\n",
       "    }\n",
       "\n",
       "    .dataframe thead th {\n",
       "        text-align: right;\n",
       "    }\n",
       "</style>\n",
       "<table border=\"1\" class=\"dataframe\">\n",
       "  <thead>\n",
       "    <tr style=\"text-align: right;\">\n",
       "      <th></th>\n",
       "      <th>%3 PTS</th>\n",
       "      <th>3PA</th>\n",
       "      <th>3PM</th>\n",
       "      <th>League</th>\n",
       "      <th>PTS</th>\n",
       "      <th>Team</th>\n",
       "      <th>per3</th>\n",
       "      <th>year</th>\n",
       "    </tr>\n",
       "  </thead>\n",
       "  <tbody>\n",
       "    <tr>\n",
       "      <th>5.0</th>\n",
       "      <td>NaN</td>\n",
       "      <td>NaN</td>\n",
       "      <td>NaN</td>\n",
       "      <td>NaN</td>\n",
       "      <td>NaN</td>\n",
       "      <td>NaN</td>\n",
       "      <td>NaN</td>\n",
       "      <td>2016-2017</td>\n",
       "    </tr>\n",
       "    <tr>\n",
       "      <th>0.0</th>\n",
       "      <td>0.478125</td>\n",
       "      <td>11.1</td>\n",
       "      <td>5.1</td>\n",
       "      <td>NBA</td>\n",
       "      <td>32.0</td>\n",
       "      <td>Golden State</td>\n",
       "      <td>47.812500</td>\n",
       "      <td>2015-2016</td>\n",
       "    </tr>\n",
       "    <tr>\n",
       "      <th>1.0</th>\n",
       "      <td>0.453782</td>\n",
       "      <td>8.1</td>\n",
       "      <td>3.6</td>\n",
       "      <td>NBA</td>\n",
       "      <td>23.8</td>\n",
       "      <td>Golden State</td>\n",
       "      <td>45.378151</td>\n",
       "      <td>2014-2015</td>\n",
       "    </tr>\n",
       "    <tr>\n",
       "      <th>2.0</th>\n",
       "      <td>0.412500</td>\n",
       "      <td>7.9</td>\n",
       "      <td>3.3</td>\n",
       "      <td>NBA</td>\n",
       "      <td>24.0</td>\n",
       "      <td>Golden State</td>\n",
       "      <td>41.250000</td>\n",
       "      <td>2013-2014</td>\n",
       "    </tr>\n",
       "    <tr>\n",
       "      <th>3.0</th>\n",
       "      <td>0.458515</td>\n",
       "      <td>7.7</td>\n",
       "      <td>3.5</td>\n",
       "      <td>NBA</td>\n",
       "      <td>22.9</td>\n",
       "      <td>Golden State</td>\n",
       "      <td>45.851528</td>\n",
       "      <td>2012-2013</td>\n",
       "    </tr>\n",
       "    <tr>\n",
       "      <th>4.0</th>\n",
       "      <td>0.428571</td>\n",
       "      <td>4.7</td>\n",
       "      <td>2.1</td>\n",
       "      <td>NBA</td>\n",
       "      <td>14.7</td>\n",
       "      <td>Golden State</td>\n",
       "      <td>42.857143</td>\n",
       "      <td>2011-2012</td>\n",
       "    </tr>\n",
       "  </tbody>\n",
       "</table>\n",
       "</div>"
      ],
      "text/plain": [
       "       %3 PTS   3PA  3PM League   PTS          Team       per3       year\n",
       "5.0       NaN   NaN  NaN    NaN   NaN           NaN        NaN  2016-2017\n",
       "0.0  0.478125  11.1  5.1    NBA  32.0  Golden State  47.812500  2015-2016\n",
       "1.0  0.453782   8.1  3.6    NBA  23.8  Golden State  45.378151  2014-2015\n",
       "2.0  0.412500   7.9  3.3    NBA  24.0  Golden State  41.250000  2013-2014\n",
       "3.0  0.458515   7.7  3.5    NBA  22.9  Golden State  45.851528  2012-2013\n",
       "4.0  0.428571   4.7  2.1    NBA  14.7  Golden State  42.857143  2011-2012"
      ]
     },
     "execution_count": 34,
     "metadata": {},
     "output_type": "execute_result"
    }
   ],
   "source": [
    "df.sort_values('year', ascending=False)"
   ]
  },
  {
   "cell_type": "code",
   "execution_count": 35,
   "metadata": {
    "collapsed": false
   },
   "outputs": [
    {
     "data": {
      "text/html": [
       "<div>\n",
       "<style scoped>\n",
       "    .dataframe tbody tr th:only-of-type {\n",
       "        vertical-align: middle;\n",
       "    }\n",
       "\n",
       "    .dataframe tbody tr th {\n",
       "        vertical-align: top;\n",
       "    }\n",
       "\n",
       "    .dataframe thead th {\n",
       "        text-align: right;\n",
       "    }\n",
       "</style>\n",
       "<table border=\"1\" class=\"dataframe\">\n",
       "  <thead>\n",
       "    <tr style=\"text-align: right;\">\n",
       "      <th></th>\n",
       "      <th>%3 PTS</th>\n",
       "      <th>3PA</th>\n",
       "      <th>3PM</th>\n",
       "      <th>League</th>\n",
       "      <th>PTS</th>\n",
       "      <th>Team</th>\n",
       "      <th>per3</th>\n",
       "      <th>year</th>\n",
       "    </tr>\n",
       "  </thead>\n",
       "  <tbody>\n",
       "    <tr>\n",
       "      <th>4.0</th>\n",
       "      <td>0.428571</td>\n",
       "      <td>4.7</td>\n",
       "      <td>2.1</td>\n",
       "      <td>NBA</td>\n",
       "      <td>14.7</td>\n",
       "      <td>Golden State</td>\n",
       "      <td>42.857143</td>\n",
       "      <td>2011-2012</td>\n",
       "    </tr>\n",
       "    <tr>\n",
       "      <th>3.0</th>\n",
       "      <td>0.458515</td>\n",
       "      <td>7.7</td>\n",
       "      <td>3.5</td>\n",
       "      <td>NBA</td>\n",
       "      <td>22.9</td>\n",
       "      <td>Golden State</td>\n",
       "      <td>45.851528</td>\n",
       "      <td>2012-2013</td>\n",
       "    </tr>\n",
       "    <tr>\n",
       "      <th>1.0</th>\n",
       "      <td>0.453782</td>\n",
       "      <td>8.1</td>\n",
       "      <td>3.6</td>\n",
       "      <td>NBA</td>\n",
       "      <td>23.8</td>\n",
       "      <td>Golden State</td>\n",
       "      <td>45.378151</td>\n",
       "      <td>2014-2015</td>\n",
       "    </tr>\n",
       "    <tr>\n",
       "      <th>2.0</th>\n",
       "      <td>0.412500</td>\n",
       "      <td>7.9</td>\n",
       "      <td>3.3</td>\n",
       "      <td>NBA</td>\n",
       "      <td>24.0</td>\n",
       "      <td>Golden State</td>\n",
       "      <td>41.250000</td>\n",
       "      <td>2013-2014</td>\n",
       "    </tr>\n",
       "    <tr>\n",
       "      <th>0.0</th>\n",
       "      <td>0.478125</td>\n",
       "      <td>11.1</td>\n",
       "      <td>5.1</td>\n",
       "      <td>NBA</td>\n",
       "      <td>32.0</td>\n",
       "      <td>Golden State</td>\n",
       "      <td>47.812500</td>\n",
       "      <td>2015-2016</td>\n",
       "    </tr>\n",
       "    <tr>\n",
       "      <th>5.0</th>\n",
       "      <td>NaN</td>\n",
       "      <td>NaN</td>\n",
       "      <td>NaN</td>\n",
       "      <td>NaN</td>\n",
       "      <td>NaN</td>\n",
       "      <td>NaN</td>\n",
       "      <td>NaN</td>\n",
       "      <td>2016-2017</td>\n",
       "    </tr>\n",
       "  </tbody>\n",
       "</table>\n",
       "</div>"
      ],
      "text/plain": [
       "       %3 PTS   3PA  3PM League   PTS          Team       per3       year\n",
       "4.0  0.428571   4.7  2.1    NBA  14.7  Golden State  42.857143  2011-2012\n",
       "3.0  0.458515   7.7  3.5    NBA  22.9  Golden State  45.851528  2012-2013\n",
       "1.0  0.453782   8.1  3.6    NBA  23.8  Golden State  45.378151  2014-2015\n",
       "2.0  0.412500   7.9  3.3    NBA  24.0  Golden State  41.250000  2013-2014\n",
       "0.0  0.478125  11.1  5.1    NBA  32.0  Golden State  47.812500  2015-2016\n",
       "5.0       NaN   NaN  NaN    NaN   NaN           NaN        NaN  2016-2017"
      ]
     },
     "execution_count": 35,
     "metadata": {},
     "output_type": "execute_result"
    }
   ],
   "source": [
    "df.sort_values('PTS')"
   ]
  },
  {
   "cell_type": "code",
   "execution_count": 36,
   "metadata": {
    "collapsed": false
   },
   "outputs": [
    {
     "data": {
      "text/html": [
       "<div>\n",
       "<style scoped>\n",
       "    .dataframe tbody tr th:only-of-type {\n",
       "        vertical-align: middle;\n",
       "    }\n",
       "\n",
       "    .dataframe tbody tr th {\n",
       "        vertical-align: top;\n",
       "    }\n",
       "\n",
       "    .dataframe thead th {\n",
       "        text-align: right;\n",
       "    }\n",
       "</style>\n",
       "<table border=\"1\" class=\"dataframe\">\n",
       "  <thead>\n",
       "    <tr style=\"text-align: right;\">\n",
       "      <th></th>\n",
       "      <th>%3 PTS</th>\n",
       "      <th>3PA</th>\n",
       "      <th>3PM</th>\n",
       "      <th>League</th>\n",
       "      <th>PTS</th>\n",
       "      <th>Team</th>\n",
       "      <th>per3</th>\n",
       "      <th>year</th>\n",
       "    </tr>\n",
       "  </thead>\n",
       "  <tbody>\n",
       "    <tr>\n",
       "      <th>5.0</th>\n",
       "      <td>NaN</td>\n",
       "      <td>NaN</td>\n",
       "      <td>NaN</td>\n",
       "      <td>NaN</td>\n",
       "      <td>NaN</td>\n",
       "      <td>NaN</td>\n",
       "      <td>NaN</td>\n",
       "      <td>2016-2017</td>\n",
       "    </tr>\n",
       "    <tr>\n",
       "      <th>4.0</th>\n",
       "      <td>0.428571</td>\n",
       "      <td>4.7</td>\n",
       "      <td>2.1</td>\n",
       "      <td>NBA</td>\n",
       "      <td>14.7</td>\n",
       "      <td>Golden State</td>\n",
       "      <td>42.857143</td>\n",
       "      <td>2011-2012</td>\n",
       "    </tr>\n",
       "    <tr>\n",
       "      <th>3.0</th>\n",
       "      <td>0.458515</td>\n",
       "      <td>7.7</td>\n",
       "      <td>3.5</td>\n",
       "      <td>NBA</td>\n",
       "      <td>22.9</td>\n",
       "      <td>Golden State</td>\n",
       "      <td>45.851528</td>\n",
       "      <td>2012-2013</td>\n",
       "    </tr>\n",
       "    <tr>\n",
       "      <th>1.0</th>\n",
       "      <td>0.453782</td>\n",
       "      <td>8.1</td>\n",
       "      <td>3.6</td>\n",
       "      <td>NBA</td>\n",
       "      <td>23.8</td>\n",
       "      <td>Golden State</td>\n",
       "      <td>45.378151</td>\n",
       "      <td>2014-2015</td>\n",
       "    </tr>\n",
       "    <tr>\n",
       "      <th>2.0</th>\n",
       "      <td>0.412500</td>\n",
       "      <td>7.9</td>\n",
       "      <td>3.3</td>\n",
       "      <td>NBA</td>\n",
       "      <td>24.0</td>\n",
       "      <td>Golden State</td>\n",
       "      <td>41.250000</td>\n",
       "      <td>2013-2014</td>\n",
       "    </tr>\n",
       "    <tr>\n",
       "      <th>0.0</th>\n",
       "      <td>0.478125</td>\n",
       "      <td>11.1</td>\n",
       "      <td>5.1</td>\n",
       "      <td>NBA</td>\n",
       "      <td>32.0</td>\n",
       "      <td>Golden State</td>\n",
       "      <td>47.812500</td>\n",
       "      <td>2015-2016</td>\n",
       "    </tr>\n",
       "  </tbody>\n",
       "</table>\n",
       "</div>"
      ],
      "text/plain": [
       "       %3 PTS   3PA  3PM League   PTS          Team       per3       year\n",
       "5.0       NaN   NaN  NaN    NaN   NaN           NaN        NaN  2016-2017\n",
       "4.0  0.428571   4.7  2.1    NBA  14.7  Golden State  42.857143  2011-2012\n",
       "3.0  0.458515   7.7  3.5    NBA  22.9  Golden State  45.851528  2012-2013\n",
       "1.0  0.453782   8.1  3.6    NBA  23.8  Golden State  45.378151  2014-2015\n",
       "2.0  0.412500   7.9  3.3    NBA  24.0  Golden State  41.250000  2013-2014\n",
       "0.0  0.478125  11.1  5.1    NBA  32.0  Golden State  47.812500  2015-2016"
      ]
     },
     "execution_count": 36,
     "metadata": {},
     "output_type": "execute_result"
    }
   ],
   "source": [
    "df.sort_values('PTS', na_position='first')"
   ]
  },
  {
   "cell_type": "code",
   "execution_count": 37,
   "metadata": {
    "collapsed": true
   },
   "outputs": [],
   "source": [
    "df['GP'] = [25, 80, 78,78, 26, None]"
   ]
  },
  {
   "cell_type": "code",
   "execution_count": 38,
   "metadata": {
    "collapsed": false
   },
   "outputs": [
    {
     "data": {
      "text/html": [
       "<div>\n",
       "<style scoped>\n",
       "    .dataframe tbody tr th:only-of-type {\n",
       "        vertical-align: middle;\n",
       "    }\n",
       "\n",
       "    .dataframe tbody tr th {\n",
       "        vertical-align: top;\n",
       "    }\n",
       "\n",
       "    .dataframe thead th {\n",
       "        text-align: right;\n",
       "    }\n",
       "</style>\n",
       "<table border=\"1\" class=\"dataframe\">\n",
       "  <thead>\n",
       "    <tr style=\"text-align: right;\">\n",
       "      <th></th>\n",
       "      <th>%3 PTS</th>\n",
       "      <th>3PA</th>\n",
       "      <th>3PM</th>\n",
       "      <th>League</th>\n",
       "      <th>PTS</th>\n",
       "      <th>Team</th>\n",
       "      <th>per3</th>\n",
       "      <th>year</th>\n",
       "      <th>GP</th>\n",
       "    </tr>\n",
       "  </thead>\n",
       "  <tbody>\n",
       "    <tr>\n",
       "      <th>0.0</th>\n",
       "      <td>0.478125</td>\n",
       "      <td>11.1</td>\n",
       "      <td>5.1</td>\n",
       "      <td>NBA</td>\n",
       "      <td>32.0</td>\n",
       "      <td>Golden State</td>\n",
       "      <td>47.812500</td>\n",
       "      <td>2015-2016</td>\n",
       "      <td>25.0</td>\n",
       "    </tr>\n",
       "    <tr>\n",
       "      <th>1.0</th>\n",
       "      <td>0.453782</td>\n",
       "      <td>8.1</td>\n",
       "      <td>3.6</td>\n",
       "      <td>NBA</td>\n",
       "      <td>23.8</td>\n",
       "      <td>Golden State</td>\n",
       "      <td>45.378151</td>\n",
       "      <td>2014-2015</td>\n",
       "      <td>80.0</td>\n",
       "    </tr>\n",
       "    <tr>\n",
       "      <th>2.0</th>\n",
       "      <td>0.412500</td>\n",
       "      <td>7.9</td>\n",
       "      <td>3.3</td>\n",
       "      <td>NBA</td>\n",
       "      <td>24.0</td>\n",
       "      <td>Golden State</td>\n",
       "      <td>41.250000</td>\n",
       "      <td>2013-2014</td>\n",
       "      <td>78.0</td>\n",
       "    </tr>\n",
       "    <tr>\n",
       "      <th>3.0</th>\n",
       "      <td>0.458515</td>\n",
       "      <td>7.7</td>\n",
       "      <td>3.5</td>\n",
       "      <td>NBA</td>\n",
       "      <td>22.9</td>\n",
       "      <td>Golden State</td>\n",
       "      <td>45.851528</td>\n",
       "      <td>2012-2013</td>\n",
       "      <td>78.0</td>\n",
       "    </tr>\n",
       "    <tr>\n",
       "      <th>4.0</th>\n",
       "      <td>0.428571</td>\n",
       "      <td>4.7</td>\n",
       "      <td>2.1</td>\n",
       "      <td>NBA</td>\n",
       "      <td>14.7</td>\n",
       "      <td>Golden State</td>\n",
       "      <td>42.857143</td>\n",
       "      <td>2011-2012</td>\n",
       "      <td>26.0</td>\n",
       "    </tr>\n",
       "    <tr>\n",
       "      <th>5.0</th>\n",
       "      <td>NaN</td>\n",
       "      <td>NaN</td>\n",
       "      <td>NaN</td>\n",
       "      <td>NaN</td>\n",
       "      <td>NaN</td>\n",
       "      <td>NaN</td>\n",
       "      <td>NaN</td>\n",
       "      <td>2016-2017</td>\n",
       "      <td>NaN</td>\n",
       "    </tr>\n",
       "  </tbody>\n",
       "</table>\n",
       "</div>"
      ],
      "text/plain": [
       "       %3 PTS   3PA  3PM League   PTS          Team       per3       year  \\\n",
       "0.0  0.478125  11.1  5.1    NBA  32.0  Golden State  47.812500  2015-2016   \n",
       "1.0  0.453782   8.1  3.6    NBA  23.8  Golden State  45.378151  2014-2015   \n",
       "2.0  0.412500   7.9  3.3    NBA  24.0  Golden State  41.250000  2013-2014   \n",
       "3.0  0.458515   7.7  3.5    NBA  22.9  Golden State  45.851528  2012-2013   \n",
       "4.0  0.428571   4.7  2.1    NBA  14.7  Golden State  42.857143  2011-2012   \n",
       "5.0       NaN   NaN  NaN    NaN   NaN           NaN        NaN  2016-2017   \n",
       "\n",
       "       GP  \n",
       "0.0  25.0  \n",
       "1.0  80.0  \n",
       "2.0  78.0  \n",
       "3.0  78.0  \n",
       "4.0  26.0  \n",
       "5.0   NaN  "
      ]
     },
     "execution_count": 38,
     "metadata": {},
     "output_type": "execute_result"
    }
   ],
   "source": [
    "df"
   ]
  },
  {
   "cell_type": "code",
   "execution_count": 39,
   "metadata": {
    "collapsed": false
   },
   "outputs": [
    {
     "data": {
      "text/html": [
       "<div>\n",
       "<style scoped>\n",
       "    .dataframe tbody tr th:only-of-type {\n",
       "        vertical-align: middle;\n",
       "    }\n",
       "\n",
       "    .dataframe tbody tr th {\n",
       "        vertical-align: top;\n",
       "    }\n",
       "\n",
       "    .dataframe thead th {\n",
       "        text-align: right;\n",
       "    }\n",
       "</style>\n",
       "<table border=\"1\" class=\"dataframe\">\n",
       "  <thead>\n",
       "    <tr style=\"text-align: right;\">\n",
       "      <th></th>\n",
       "      <th>%3 PTS</th>\n",
       "      <th>3PA</th>\n",
       "      <th>3PM</th>\n",
       "      <th>League</th>\n",
       "      <th>PTS</th>\n",
       "      <th>Team</th>\n",
       "      <th>per3</th>\n",
       "      <th>year</th>\n",
       "      <th>GP</th>\n",
       "    </tr>\n",
       "  </thead>\n",
       "  <tbody>\n",
       "    <tr>\n",
       "      <th>0.0</th>\n",
       "      <td>0.478125</td>\n",
       "      <td>11.1</td>\n",
       "      <td>5.1</td>\n",
       "      <td>NBA</td>\n",
       "      <td>32.0</td>\n",
       "      <td>Golden State</td>\n",
       "      <td>47.812500</td>\n",
       "      <td>2015-2016</td>\n",
       "      <td>25.0</td>\n",
       "    </tr>\n",
       "    <tr>\n",
       "      <th>4.0</th>\n",
       "      <td>0.428571</td>\n",
       "      <td>4.7</td>\n",
       "      <td>2.1</td>\n",
       "      <td>NBA</td>\n",
       "      <td>14.7</td>\n",
       "      <td>Golden State</td>\n",
       "      <td>42.857143</td>\n",
       "      <td>2011-2012</td>\n",
       "      <td>26.0</td>\n",
       "    </tr>\n",
       "    <tr>\n",
       "      <th>3.0</th>\n",
       "      <td>0.458515</td>\n",
       "      <td>7.7</td>\n",
       "      <td>3.5</td>\n",
       "      <td>NBA</td>\n",
       "      <td>22.9</td>\n",
       "      <td>Golden State</td>\n",
       "      <td>45.851528</td>\n",
       "      <td>2012-2013</td>\n",
       "      <td>78.0</td>\n",
       "    </tr>\n",
       "    <tr>\n",
       "      <th>2.0</th>\n",
       "      <td>0.412500</td>\n",
       "      <td>7.9</td>\n",
       "      <td>3.3</td>\n",
       "      <td>NBA</td>\n",
       "      <td>24.0</td>\n",
       "      <td>Golden State</td>\n",
       "      <td>41.250000</td>\n",
       "      <td>2013-2014</td>\n",
       "      <td>78.0</td>\n",
       "    </tr>\n",
       "    <tr>\n",
       "      <th>1.0</th>\n",
       "      <td>0.453782</td>\n",
       "      <td>8.1</td>\n",
       "      <td>3.6</td>\n",
       "      <td>NBA</td>\n",
       "      <td>23.8</td>\n",
       "      <td>Golden State</td>\n",
       "      <td>45.378151</td>\n",
       "      <td>2014-2015</td>\n",
       "      <td>80.0</td>\n",
       "    </tr>\n",
       "    <tr>\n",
       "      <th>5.0</th>\n",
       "      <td>NaN</td>\n",
       "      <td>NaN</td>\n",
       "      <td>NaN</td>\n",
       "      <td>NaN</td>\n",
       "      <td>NaN</td>\n",
       "      <td>NaN</td>\n",
       "      <td>NaN</td>\n",
       "      <td>2016-2017</td>\n",
       "      <td>NaN</td>\n",
       "    </tr>\n",
       "  </tbody>\n",
       "</table>\n",
       "</div>"
      ],
      "text/plain": [
       "       %3 PTS   3PA  3PM League   PTS          Team       per3       year  \\\n",
       "0.0  0.478125  11.1  5.1    NBA  32.0  Golden State  47.812500  2015-2016   \n",
       "4.0  0.428571   4.7  2.1    NBA  14.7  Golden State  42.857143  2011-2012   \n",
       "3.0  0.458515   7.7  3.5    NBA  22.9  Golden State  45.851528  2012-2013   \n",
       "2.0  0.412500   7.9  3.3    NBA  24.0  Golden State  41.250000  2013-2014   \n",
       "1.0  0.453782   8.1  3.6    NBA  23.8  Golden State  45.378151  2014-2015   \n",
       "5.0       NaN   NaN  NaN    NaN   NaN           NaN        NaN  2016-2017   \n",
       "\n",
       "       GP  \n",
       "0.0  25.0  \n",
       "4.0  26.0  \n",
       "3.0  78.0  \n",
       "2.0  78.0  \n",
       "1.0  80.0  \n",
       "5.0   NaN  "
      ]
     },
     "execution_count": 39,
     "metadata": {},
     "output_type": "execute_result"
    }
   ],
   "source": [
    "df.sort_values(['GP', 'PTS'])"
   ]
  },
  {
   "cell_type": "code",
   "execution_count": 40,
   "metadata": {
    "collapsed": false
   },
   "outputs": [
    {
     "data": {
      "text/html": [
       "<div>\n",
       "<style scoped>\n",
       "    .dataframe tbody tr th:only-of-type {\n",
       "        vertical-align: middle;\n",
       "    }\n",
       "\n",
       "    .dataframe tbody tr th {\n",
       "        vertical-align: top;\n",
       "    }\n",
       "\n",
       "    .dataframe thead th {\n",
       "        text-align: right;\n",
       "    }\n",
       "</style>\n",
       "<table border=\"1\" class=\"dataframe\">\n",
       "  <thead>\n",
       "    <tr style=\"text-align: right;\">\n",
       "      <th></th>\n",
       "      <th>%3 PTS</th>\n",
       "      <th>3PA</th>\n",
       "      <th>3PM</th>\n",
       "      <th>League</th>\n",
       "      <th>PTS</th>\n",
       "      <th>Team</th>\n",
       "      <th>per3</th>\n",
       "      <th>year</th>\n",
       "      <th>GP</th>\n",
       "    </tr>\n",
       "  </thead>\n",
       "  <tbody>\n",
       "    <tr>\n",
       "      <th>1.0</th>\n",
       "      <td>0.453782</td>\n",
       "      <td>8.1</td>\n",
       "      <td>3.6</td>\n",
       "      <td>NBA</td>\n",
       "      <td>23.8</td>\n",
       "      <td>Golden State</td>\n",
       "      <td>45.378151</td>\n",
       "      <td>2014-2015</td>\n",
       "      <td>80.0</td>\n",
       "    </tr>\n",
       "    <tr>\n",
       "      <th>2.0</th>\n",
       "      <td>0.412500</td>\n",
       "      <td>7.9</td>\n",
       "      <td>3.3</td>\n",
       "      <td>NBA</td>\n",
       "      <td>24.0</td>\n",
       "      <td>Golden State</td>\n",
       "      <td>41.250000</td>\n",
       "      <td>2013-2014</td>\n",
       "      <td>78.0</td>\n",
       "    </tr>\n",
       "    <tr>\n",
       "      <th>3.0</th>\n",
       "      <td>0.458515</td>\n",
       "      <td>7.7</td>\n",
       "      <td>3.5</td>\n",
       "      <td>NBA</td>\n",
       "      <td>22.9</td>\n",
       "      <td>Golden State</td>\n",
       "      <td>45.851528</td>\n",
       "      <td>2012-2013</td>\n",
       "      <td>78.0</td>\n",
       "    </tr>\n",
       "    <tr>\n",
       "      <th>4.0</th>\n",
       "      <td>0.428571</td>\n",
       "      <td>4.7</td>\n",
       "      <td>2.1</td>\n",
       "      <td>NBA</td>\n",
       "      <td>14.7</td>\n",
       "      <td>Golden State</td>\n",
       "      <td>42.857143</td>\n",
       "      <td>2011-2012</td>\n",
       "      <td>26.0</td>\n",
       "    </tr>\n",
